id=35166
type=2,randStartPhase=0
forceZeroStart=0
numSounds=2
soundParam=1579:0.250000 2.000000 0.200000 -1.000000 -1.000000 0
soundParam=1580:0.250000 2.000000 0.700000 -1.000000 -1.000000 0
numSprites=5
numSlots=0
offset=(20.000000,20.000000)
startPause=0.000000
animParam=2.000000 15.000000 0.500000 2.000000 20.000000 0.500000 (-1.000000,-1.000000) -4.000000 -0.000000 0.000000 0.000000 0.000000 1.000000 0.000000 2.000000 0.218750 0.000000 0.250000 0.500000
offset=(20.000000,20.000000)
startPause=0.000000
animParam=2.000000 20.000000 0.500000 2.000000 15.000000 0.500000 (-1.000000,-1.000000) 4.000000 0.000000 0.000000 0.000000 0.000000 1.000000 0.000000 2.000000 0.197917 0.000000 0.281250 0.500000
offset=(0.000000,0.000000)
startPause=0.000000
animParam=0.000000 0.000000 0.000000 0.000000 0.000000 0.000000 (0.000000,0.000000) 0.000000 0.000000 0.000000 0.000000 0.000000 1.000000 0.000000 0.000000 0.000000 0.000000 1.000000 0.000000
offset=(0.000000,0.000000)
startPause=0.000000
animParam=4.000000 0.300000 0.750000 4.000000 0.150000 0.250000 (-10.000000,-10.000000) 0.000000 0.000000 0.000000 0.000000 0.000000 1.000000 0.000000 0.000000 0.000000 0.000000 1.000000 0.000000
offset=(0.000000,0.000000)
startPause=0.000000
animParam=0.000000 0.000000 0.000000 0.000000 0.000000 0.000000 (0.000000,0.000000) 0.000000 0.000000 0.000000 0.000000 0.000000 1.000000 0.000000 0.000000 0.000000 0.000000 1.000000 0.000000